<<<<<<< HEAD
8 8
=======
7 8
<<<<<<< HEAD
0 0 0 0 2 0 1 2
0 0 1 0 2 0 1 0
0 1 1 0 2 0 1 0
0 0 1 0 2 0 1 0
0 2 0 0 2 0 1 0
0 0 1 0 2 0 1 0
0 0 0 0 2 0 1 0
=======
<<<<<<< HEAD
0 0 0 2 2 0 0 0
0 0 1 1 1 1 1 0
2 1 1 0 2 0 1 0
0 1 0 0 2 0 1 0
0 1 0 1 1 1 1 0
0 1 1 0 2 0 1 0
0 0 0 0 2 0 1 0
=======
>>>>>>> d94ab51c9615873c62dbf9b9c703728e346088ea
0 0 0 2 2 0 0 2
0 1 2 1 1 1 1 0
0 1 1 0 2 0 1 0
0 3 1 0 2 0 1 0
0 2 0 0 3 0 1 0
0 0 1 0 2 0 1 0
<<<<<<< HEAD
0 1 0 0 2 0 0 0
0 2 1 0 0 0 0 2
=======
0 0 3 0 2 0 0 0
>>>>>>> eb1f3f98a2ec24b51d7bf7ab7517d226d77e67be
>>>>>>> 3f6fac13d2ce8df7911008dd88f6f7745d9df5cd
>>>>>>> d94ab51c9615873c62dbf9b9c703728e346088ea
0 0